11|21|14|8
1|17|18|24
26|23|6|12
0|9|4|22
10|7|16|25
20|13|27|2
3|19|15|5
2|18|0|23
26|24|7|9
4|10|20|25
19|1|12|21
8|6|14|3
13|15|27|22
16|5|17|11
19|20|13|9
3|18|15|17
25|21|23|10
5|14|8|16
24|22|11|6
26|2|7|27
1|12|0|4
18|11|5|13
2|24|12|6
14|1|23|25
22|16|19|4
10|9|26|20
8|21|3|7
27|17|0|15
5|16|4|25
7|14|0|13
12|3|11|24
19|26|17|1
10|27|2|23
9|22|20|18
15|6|8|21
9|22|14|26
0|27|18|5
7|3|12|20
13|15|21|19
11|17|2|24
25|6|16|1
4|8|10|23
17|25|19|11
8|13|3|5
6|0|1|15
14|27|24|2
23|16|9|20
18|26|7|12
22|21|4|10
24|20|13|16
6|18|12|11
1|15|25|27
0|19|26|5
7|10|22|23
17|8|9|21
4|14|2|3
25|26|11|7
8|5|19|1
21|12|10|17
20|2|16|18
15|23|4|14
13|24|22|9
27|3|6|0
14|19|10|18
5|4|24|8
3|27|22|16
23|2|25|6
17|0|26|7
11|9|21|12
15|13|1|20
21|22|5|14
10|6|3|7
12|11|13|19
24|8|20|0
27|4|1|9
18|16|25|26
15|17|23|2
16|20|3|0
6|1|27|11
21|25|18|14
23|5|9|15
26|10|17|22
19|24|13|4
12|7|2|8
